1,32,3,4,10,22,2,0.329111,3.07797E-05
2,32,3,4,10,16,2,0.329111,2.02322E-05
3,32,3,4,16,16,1,0.329111,9.68465E-06
4,32,3,4,14,14,1,0.329111,6.78408E-06
5,36,3,4,12,24,2,0.329111,4.83024E-06
6,36,3,4,12,18,2,0.369449,3.12597E-06
7,32,3,4,12,12,1,0.369449,2.86289E-06
8,44,3,4,14,30,2,0.369449,1.63779E-06
9,36,3,4,18,18,1,0.369449,1.4217E-06
10,36,3,4,16,16,1,0.369449,1.05135E-06
11,44,3,4,14,22,2,0.411046,1.02974E-06
12,40,3,4,12,28,2,0.411046,7.57088E-07
13,36,3,4,14,14,1,0.411046,4.86563E-07
14,40,3,4,12,20,2,0.411046,4.81332E-07
15,44,3,4,22,22,1,0.411046,4.21692E-07
16,44,3,4,20,20,1,0.411046,3.35007E-07
17,48,3,4,14,34,2,0.452453,2.67707E-07
18,40,3,4,20,20,1,0.452453,2.05575E-07
19,44,3,4,18,18,1,0.452453,1.7884E-07
20,48,3,4,14,24,2,0.452453,1.66408E-07
21,40,3,4,18,18,1,0.452453,1.58311E-07
22,40,3,4,16,16,1,0.452453,7.91723E-08
23,44,3,4,16,16,1,0.498513,7.10382E-08
24,48,3,4,24,24,1,0.498513,6.51089E-08
25,48,3,4,22,22,1,0.498513,5.30076E-08
26,52,3,4,14,40,2,0.498513,4.2666E-08
27,48,3,4,20,20,1,0.498513,2.99051E-08
28,40,3,4,14,14,1,0.498513,2.92738E-08
29,52,3,4,14,26,2,0.498513,2.62679E-08
30,60,3,4,18,42,2,0.498513,1.48524E-08
31,48,3,4,18,18,1,0.546238,1.26729E-08
32,52,3,4,26,26,1,0.546238,9.89111E-09
33,60,3,4,18,30,2,0.546238,9.0192E-09
34,48,3,4,16,32,1,0.546238,8.76265E-09
35,52,3,4,24,24,1,0.546238,8.21314E-09
36,56,3,4,16,42,2,0.546238,6.65825E-09
37,52,3,4,22,22,1,0.546238,4.85696E-09
38,48,3,4,16,16,1,0.546238,4.38133E-09
39,56,3,4,16,28,2,0.546238,4.068E-09
40,60,3,4,30,30,1,0.546238,3.18604E-09
41,60,3,4,28,28,1,0.57829,2.72547E-09
42,64,3,4,18,46,2,0.57829,2.41089E-09
43,52,3,4,20,20,1,0.57829,2.18136E-09
44,60,3,4,26,26,1,0.57829,1.73794E-09
45,52,3,4,18,34,1,0.57829,1.59533E-09
46,56,3,4,28,28,1,0.57829,1.48183E-09
47,64,3,4,18,32,2,0.57829,1.45478E-09
48,56,3,4,26,26,1,0.57829,1.25055E-09
49,60,3,4,24,24,1,0.57829,8.61486E-10
50,52,3,4,18,18,1,0.57829,7.97665E-10
51,56,3,4,24,24,1,0.628015,7.70038E-10
52,60,3,4,22,38,1,0.628015,6.9788E-10
53,52,3,4,16,36,1,0.628015,5.06908E-10
54,64,3,4,32,32,1,0.628015,4.98666E-10
55,64,3,4,30,30,1,0.628015,4.31518E-10
56,68,3,4,18,50,2,0.628015,3.84853E-10
57,56,3,4,22,22,1,0.628015,3.64313E-10
58,60,3,4,22,22,1,0.628015,3.4894E-10
59,64,3,4,28,28,1,0.628015,2.83678E-10
60,56,3,4,20,36,1,0.628015,2.80912E-10
61,52,3,4,16,16,1,0.6665,2.53454E-10
62,60,3,4,20,40,1,0.6665,2.42711E-10
63,68,3,4,18,34,2,0.6665,2.30928E-10
64,64,3,4,26,26,1,0.6665,1.46625E-10
65,56,3,4,20,20,1,0.6665,1.40456E-10
66,76,3,4,22,54,2,0.6665,1.3755E-10
67,60,3,4,20,20,1,0.6665,1.21355E-10
68,56,3,4,18,38,1,0.6665,9.34024E-11
69,76,3,4,22,38,2,0.6665,8.1742E-11
70,68,3,4,34,34,1,0.6665,7.70029E-11
71,68,3,4,32,32,1,0.6665,6.72969E-11
72,64,3,4,24,24,1,0.70686,6.21728E-11
73,72,3,4,18,56,2,0.70686,6.0562E-11
74,56,3,4,18,18,1,0.70686,4.67012E-11
75,68,3,4,30,30,1,0.70686,4.54398E-11
76,64,3,4,22,42,1,0.70686,4.51733E-11
77,72,3,4,18,36,2,0.70686,3.61545E-11
78,76,3,4,38,38,1,0.70686,2.5934E-11
79,68,3,4,28,28,1,0.70686,2.43872E-11
80,76,3,4,36,36,1,0.70686,2.30346E-11
81,64,3,4,22,22,1,0.70686,2.25866E-11
82,80,3,4,22,58,2,0.70686,2.2294E-11
83,76,3,4,34,34,1,0.70686,1.62635E-11
84,64,3,4,20,40,1,0.70686,1.46531E-11
85,80,3,4,22,40,2,0.763542,1.31916E-11
86,72,3,4,36,36,1,0.763542,1.1749E-11
87,68,3,4,26,26,1,0.763542,1.07882E-11
88,72,3,4,34,34,1,0.763542,1.03569E-11
89,76,3,4,32,32,1,0.763542,9.31137E-12
90,68,3,4,24,44,1,0.763542,8.17302E-12
91,64,3,4,20,20,1,0.763542,7.32657E-12
92,72,3,4,32,32,1,0.763542,7.16035E-12
93,76,3,4,30,30,1,0.763542,4.44096E-12
94,80,3,4,40,40,1,0.763542,4.08922E-12
95,68,3,4,24,24,1,0.763542,4.08651E-12
96,72,3,4,30,30,1,0.763542,3.97557E-12
97,80,3,4,38,38,1,0.763542,3.65643E-12
98,76,3,4,28,48,1,0.763542,3.63483E-12
99,84,3,4,22,62,2,0.763542,3.56688E-12
100,68,3,4,22,46,1,0.783762,2.7506E-12
101,80,3,4,36,36,1,0.783762,2.6306E-12
102,84,3,4,22,42,2,0.783762,2.10218E-12
103,72,3,4,28,28,1,0.783762,1.82885E-12
104,76,3,4,28,28,1,0.783762,1.81742E-12
105,80,3,4,34,34,1,0.783762,1.54867E-12
106,72,3,4,26,46,1,0.783762,1.44167E-12
107,68,3,4,22,22,1,0.783762,1.3753E-12
108,76,3,4,26,50,1,0.783762,1.3148E-12
109,92,3,4,24,68,2,0.783762,1.29622E-12
110,68,3,4,20,48,1,0.783762,8.51607E-13
111,80,3,4,32,32,1,0.783762,7.63674E-13
112,92,3,4,24,46,2,0.783762,7.58513E-13
113,72,3,4,26,26,1,0.824961,7.20834E-13
114,76,3,4,26,26,1,0.824961,6.57398E-13
115,80,3,4,30,50,1,0.824961,6.47591E-13
116,84,3,4,42,42,1,0.824961,6.3749E-13
117,84,3,4,40,40,1,0.824961,5.73435E-13
118,88,3,4,22,66,2,0.824961,5.64063E-13
119,72,3,4,24,48,1,0.824961,5.0322E-13
120,76,3,4,24,52,1,0.824961,4.32543E-13
121,68,3,4,20,20,1,0.824961,4.25803E-13
122,84,3,4,38,38,1,0.824961,4.19589E-13
123,88,3,4,22,44,2,0.824961,3.31213E-13
124,80,3,4,30,30,1,0.824961,3.23795E-13
125,84,3,4,36,36,1,0.824961,2.53367E-13
126,72,3,4,24,24,1,0.824961,2.5161E-13
127,80,3,4,28,52,1,0.824961,2.4247E-13
128,92,3,4,46,46,1,0.865704,2.20809E-13
129,76,3,4,24,24,1,0.865704,2.16271E-13
130,96,3,4,26,72,2,0.865704,2.09984E-13
131,92,3,4,44,44,1,0.865704,2.00658E-13
132,72,3,4,22,50,1,0.865704,1.60531E-13
133,92,3,4,42,42,1,0.865704,1.51167E-13
134,84,3,4,34,34,1,0.865704,1.28851E-13
135,96,3,4,26,48,2,0.865704,1.22481E-13
136,80,3,4,28,28,1,0.865704,1.21235E-13
137,88,3,4,44,44,1,0.865704,9.83624E-14
138,92,3,4,40,40,1,0.865704,9.54283E-14
139,88,3,4,42,42,1,0.865704,8.89545E-14
140,80,3,4,26,54,1,0.865704,8.22774E-14
141,72,3,4,22,22,1,0.865704,8.02655E-14
142,88,3,4,40,40,1,0.865704,6.60912E-14
143,84,3,4,32,32,1,0.865704,5.64841E-14
144,92,3,4,38,38,1,0.908949,5.1274E-14
145,72,3,4,20,52,1,0.908949,4.82203E-14
146,84,3,4,30,54,1,0.908949,4.37242E-14
147,80,3,4,26,26,1,0.908949,4.11387E-14
148,88,3,4,38,38,1,0.908949,4.08449E-14
149,96,3,4,48,48,1,0.908949,3.49797E-14
150,100,3,4,26,76,2,0.908949,3.36542E-14
151,96,3,4,46,46,1,0.908949,3.19274E-14
152,80,3,4,24,56,1,0.908949,2.59389E-14
153,96,3,4,44,44,1,0.908949,2.43589E-14
154,72,3,4,20,20,1,0.908949,2.41102E-14
155,92,3,4,36,36,1,0.908949,2.38846E-14
156,84,3,4,30,30,1,0.908949,2.18621E-14
157,88,3,4,36,36,1,0.908949,2.13733E-14
158,92,3,4,34,58,1,0.908949,1.96732E-14
159,100,3,4,26,50,2,0.908949,1.95708E-14
160,96,3,4,42,42,1,0.908949,1.56804E-14
161,84,3,4,28,56,1,0.908949,1.52996E-14
162,80,3,4,24,24,1,0.954202,1.29695E-14
163,108,3,4,28,82,2,0.954202,1.2372E-14
164,92,3,4,34,34,1,0.954202,9.8366E-15
165,88,3,4,34,34,1,0.954202,9.66744E-15
166,96,3,4,40,40,1,0.954202,8.6346E-15
167,88,3,4,32,56,1,0.954202,7.72505E-15
168,84,3,4,28,28,1,0.954202,7.6498E-15
169,92,3,4,32,60,1,0.954202,7.30575E-15
170,108,3,4,28,54,2,0.954202,7.15492E-15
171,100,3,4,50,50,1,0.954202,5.48749E-15
172,104,3,4,26,78,2,0.954202,5.34069E-15
173,100,3,4,48,48,1,0.954202,5.02876E-15
174,84,3,4,26,58,1,0.954202,4.95126E-15
175,96,3,4,38,38,1,0.954202,4.13493E-15
176,100,3,4,46,46,1,0.954202,3.88136E-15
177,88,3,4,32,32,1,0.954202,3.86253E-15
178,92,3,4,32,32,1,0.954202,3.65287E-15
179,96,3,4,36,60,1,0.954202,3.50565E-15
180,104,3,4,26,52,2,0.993877,3.09692E-15
181,88,3,4,30,58,1,0.993877,2.78577E-15
182,100,3,4,44,44,1,0.993877,2.54388E-15
183,92,3,4,30,62,1,0.993877,2.49388E-15
184,84,3,4,26,26,1,0.993877,2.47563E-15
185,112,3,4,28,86,2,0.993877,2.00389E-15
186,108,3,4,54,54,1,0.993877,1.93783E-15
187,108,3,4,52,52,1,0.993877,1.78837E-15
188,96,3,4,36,36,1,0.993877,1.75282E-15
189,84,3,4,24,60,1,0.993877,1.51463E-15
190,100,3,4,42,42,1,0.993877,1.43318E-15
191,108,3,4,50,50,1,0.993877,1.40883E-15
192,88,3,4,30,30,1,0.993877,1.39288E-15
193,96,3,4,34,62,1,0.993877,1.3394E-15
194,92,3,4,30,30,1,0.993877,1.24694E-15
195,112,3,4,28,56,2,0.993877,1.15593E-15
196,108,3,4,48,48,1,0.993877,9.53423E-16
197,88,3,4,28,60,1,0.993877,9.25875E-16
198,104,3,4,52,52,1,1.035782,8.53148E-16
199,92,3,4,28,64,1,1.035782,7.97224E-16
200,104,3,4,50,50,1,1.035782,7.84701E-16
201,84,3,4,24,24,1,1.035782,7.57313E-16
202,100,3,4,40,40,1,1.035782,7.04382E-16
203,96,3,4,34,34,1,1.035782,6.69699E-16
204,100,3,4,38,62,1,1.035782,6.13818E-16
205,104,3,4,48,48,1,1.035782,6.12134E-16
206,108,3,4,46,46,1,1.035782,5.59691E-16
207,96,3,4,32,64,1,1.035782,4.69495E-16
208,88,3,4,28,28,1,1.035782,4.62938E-16
209,104,3,4,46,46,1,1.035782,4.07926E-16
210,92,3,4,28,28,1,1.035782,3.98612E-16
211,116,3,4,30,86,2,1.035782,3.21582E-16
212,112,3,4,56,56,1,1.035782,3.07978E-16
213,100,3,4,38,38,1,1.035782,3.06909E-16
214,88,3,4,26,62,1,1.035782,2.89373E-16
215,108,3,4,44,44,1,1.035782,2.88435E-16
216,112,3,4,54,54,1,1.035782,2.8511E-16
217,92,3,4,26,66,1,1.035782,2.42976E-16
218,100,3,4,36,64,1,1.083752,2.4105E-16
219,104,3,4,44,44,1,1.083752,2.3476E-16
220,96,3,4,32,32,1,1.083752,2.34748E-16
221,112,3,4,52,52,1,1.083752,2.26646E-16
222,116,3,4,30,58,2,1.083752,1.85056E-16
223,112,3,4,50,50,1,1.083752,1.55594E-16
224,96,3,4,30,66,1,1.083752,1.53606E-16
225,88,3,4,26,26,1,1.083752,1.44686E-16
226,108,3,4,42,42,1,1.083752,1.32241E-16
227,92,3,4,26,26,1,1.083752,1.21488E-16
228,100,3,4,36,36,1,1.083752,1.20525E-16
229,124,3,4,32,94,2,1.083752,1.19238E-16
230,104,3,4,42,42,1,1.083752,1.18233E-16
231,108,3,4,40,68,1,1.083752,1.0939E-16
232,112,3,4,48,48,1,1.083752,9.30498E-17
233,100,3,4,34,66,1,1.083752,8.67275E-17
234,88,3,4,24,64,1,1.083752,8.67134E-17
235,96,3,4,30,30,1,1.083752,7.6803E-17
236,124,3,4,32,62,2,1.083752,6.831E-17
237,108,3,4,40,40,1,1.083752,5.46951E-17
238,104,3,4,40,40,1,1.083752,5.2879E-17
239,120,3,4,30,90,2,1.122176,5.11651E-17
240,112,3,4,46,46,1,1.122176,4.90021E-17
241,116,3,4,58,58,1,1.122176,4.85302E-17
242,96,3,4,28,68,1,1.122176,4.7694E-17
243,116,3,4,56,56,1,1.122176,4.50561E-17
244,100,3,4,34,34,1,1.122176,4.33637E-17
245,88,3,4,24,24,1,1.122176,4.33567E-17
246,104,3,4,38,66,1,1.122176,4.26444E-17
247,108,3,4,38,70,1,1.122176,4.13919E-17
248,116,3,4,54,54,1,1.122176,3.61194E-17
249,120,3,4,30,60,2,1.122176,2.93759E-17
250,100,3,4,32,68,1,1.122176,2.90487E-17
251,116,3,4,52,52,1,1.122176,2.51289E-17
252,96,3,4,28,28,1,1.122176,2.3847E-17
253,112,3,4,44,44,1,1.122176,2.30022E-17
254,104,3,4,38,38,1,1.122176,2.13222E-17
255,108,3,4,38,38,1,1.122176,2.0696E-17
256,112,3,4,42,70,1,1.122176,1.94971E-17
257,128,3,4,32,98,2,1.122176,1.93104E-17
258,124,3,4,62,62,1,1.122176,1.73822E-17
259,124,3,4,60,60,1,1.122176,1.62211E-17
260,104,3,4,36,68,1,1.165058,1.57397E-17
261,116,3,4,50,50,1,1.165058,1.52912E-17
262,108,3,4,36,72,1,1.165058,1.45281E-17
263,100,3,4,32,32,1,1.165058,1.45243E-17
264,124,3,4,58,58,1,1.165058,1.32016E-17
265,128,3,4,32,64,2,1.165058,1.10398E-17
266,112,3,4,42,42,1,1.165058,9.74853E-18
267,124,3,4,56,56,1,1.165058,9.40834E-18
268,100,3,4,30,70,1,1.165058,9.1989E-18
269,116,3,4,48,48,1,1.165058,8.21871E-18
270,104,3,4,36,36,1,1.165058,7.86987E-18
271,120,3,4,60,60,1,1.165058,7.58662E-18
272,112,3,4,40,72,1,1.165058,7.55784E-18
273,108,3,4,36,36,1,1.165058,7.26405E-18
274,120,3,4,58,58,1,1.165058,7.06233E-18
275,124,3,4,54,54,1,1.165058,5.90889E-18
276,120,3,4,56,56,1,1.165058,5.70597E-18
277,104,3,4,34,70,1,1.165058,5.39719E-18
278,108,3,4,34,74,1,1.165058,4.79413E-18
279,100,3,4,30,30,1,1.165058,4.59945E-18
280,120,3,4,54,54,1,1.165058,4.01943E-18
281,116,3,4,46,46,1,1.165058,3.94532E-18
282,112,3,4,40,40,1,1.165058,3.77892E-18
283,116,3,4,44,72,1,1.231412,3.42319E-18
284,124,3,4,52,52,1,1.231412,3.29709E-18
285,100,3,4,28,72,1,1.231412,2.79578E-18
286,128,3,4,64,64,1,1.231412,2.76911E-18
287,112,3,4,38,74,1,1.231412,2.71443E-18
288,104,3,4,34,34,1,1.231412,2.6986E-18
289,128,3,4,62,62,1,1.231412,2.59014E-18
290,120,3,4,52,52,1,1.231412,2.48604E-18
291,108,3,4,34,34,1,1.231412,2.39706E-18
292,128,3,4,60,60,1,1.231412,2.12238E-18
293,104,3,4,32,72,1,1.231412,1.74436E-18
294,116,3,4,44,44,1,1.231412,1.7116E-18
295,124,3,4,50,50,1,1.231412,1.64982E-18
296,128,3,4,58,58,1,1.231412,1.52913E-18
297,108,3,4,32,76,1,1.231412,1.50696E-18
298,100,3,4,28,28,1,1.231412,1.39789E-18
299,120,3,4,50,50,1,1.231412,1.36218E-18
300,116,3,4,42,74,1,1.231412,1.35839E-18
301,112,3,4,38,38,1,1.231412,1.35721E-18
302,128,3,4,56,56,1,1.231412,9.74299E-19
303,112,3,4,36,76,1,1.231412,9.14707E-19
304,104,3,4,32,32,1,1.231412,8.7218E-19
305,108,3,4,32,32,1,1.231412,7.5348E-19
306,124,3,4,48,48,1,1.273354,7.47805E-19
307,116,3,4,42,42,1,1.273354,6.79196E-19
308,120,3,4,48,48,1,1.273354,6.67965E-19
309,124,3,4,46,78,1,1.273354,6.20493E-19
310,120,3,4,46,74,1,1.273354,5.92687E-19
311,128,3,4,54,54,1,1.273354,5.53078E-19
312,104,3,4,30,74,1,1.273354,5.38868E-19
313,116,3,4,40,76,1,1.273354,4.99011E-19
314,112,3,4,36,36,1,1.273354,4.57353E-19
315,108,3,4,30,78,1,1.273354,4.5701E-19
316,124,3,4,46,46,1,1.273354,3.10246E-19
317,120,3,4,46,46,1,1.273354,2.96344E-19
318,112,3,4,34,78,1,1.273354,2.92777E-19
319,128,3,4,52,52,1,1.273354,2.82129E-19
320,104,3,4,30,30,1,1.273354,2.69434E-19
321,116,3,4,40,40,1,1.273354,2.49506E-19
322,120,3,4,44,76,1,1.273354,2.40575E-19
323,124,3,4,44,80,1,1.273354,2.38108E-19
324,108,3,4,30,30,1,1.273354,2.28505E-19
325,116,3,4,38,78,1,1.273354,1.71717E-19
326,104,3,4,28,76,1,1.273354,1.61302E-19
327,112,3,4,34,34,1,1.273354,1.46389E-19
328,128,3,4,50,50,1,1.273354,1.30532E-19
329,120,3,4,44,44,1,1.273354,1.20287E-19
330,124,3,4,44,44,1,1.273354,1.19054E-19
331,128,3,4,48,80,1,1.307736,1.10617E-19
332,120,3,4,42,78,1,1.307736,9.035E-20
333,112,3,4,32,80,1,1.307736,9.00815E-20
334,116,3,4,38,38,1,1.307736,8.58584E-20
335,124,3,4,42,82,1,1.307736,8.53964E-20
336,104,3,4,28,28,1,1.307736,8.06509E-20
337,116,3,4,36,80,1,1.307736,5.59931E-20
338,128,3,4,48,48,1,1.307736,5.53087E-20
339,120,3,4,42,42,1,1.307736,4.5175E-20
340,112,3,4,32,32,1,1.307736,4.50408E-20
341,128,3,4,46,82,1,1.307736,4.33481E-20
342,124,3,4,42,42,1,1.307736,4.26982E-20
343,120,3,4,40,80,1,1.307736,3.17443E-20
344,124,3,4,40,84,1,1.307736,2.89176E-20
345,116,3,4,36,36,1,1.307736,2.79966E-20
346,112,3,4,30,82,1,1.307736,2.69564E-20
347,128,3,4,46,46,1,1.307736,2.16741E-20
348,116,3,4,34,82,1,1.307736,1.74965E-20
349,120,3,4,40,40,1,1.307736,1.58722E-20
350,128,3,4,44,84,1,1.307736,1.58644E-20
351,124,3,4,40,40,1,1.307736,1.44588E-20
352,112,3,4,30,30,1,1.307736,1.34782E-20
353,120,3,4,38,82,1,1.307736,1.05479E-20
354,124,3,4,38,86,1,1.307736,9.33832E-21
355,116,3,4,34,34,1,1.345734,8.74824E-21
356,128,3,4,44,44,1,1.345734,7.93222E-21
357,128,3,4,42,86,1,1.345734,5.47468E-21
358,116,3,4,32,84,1,1.345734,5.29701E-21
359,120,3,4,38,38,1,1.345734,5.27396E-21
360,124,3,4,38,38,1,1.345734,4.66916E-21
361,120,3,4,36,84,1,1.345734,3.3498E-21
362,124,3,4,36,88,1,1.345734,2.90395E-21
363,128,3,4,42,42,1,1.345734,2.73734E-21
364,116,3,4,32,32,1,1.345734,2.64851E-21
365,128,3,4,40,88,1,1.345734,1.79829E-21
366,120,3,4,36,36,1,1.345734,1.6749E-21
367,124,3,4,36,36,1,1.345734,1.45197E-21
368,120,3,4,34,86,1,1.345734,1.02733E-21
369,128,3,4,40,40,1,1.345734,8.99143E-22
370,124,3,4,34,90,1,1.345734,8.77954E-22
371,128,3,4,38,90,1,1.345734,5.67439E-22
372,120,3,4,34,34,1,1.345734,5.13664E-22
373,124,3,4,34,34,1,1.345734,4.38977E-22
374,120,3,4,32,88,1,1.345734,3.07359E-22
375,128,3,4,38,38,1,1.345734,2.8372E-22
376,128,3,4,36,92,1,1.345734,1.73564E-22
377,120,3,4,32,32,1,1.345734,1.5368E-22
378,128,3,4,36,36,1,1.345734,8.67818E-23
379,128,3,4,34,94,1,1.345734,5.19202E-23
380,128,3,4,34,34,1,1.345734,2.60E-23